timestamp,Ax,Ay,Az,Gx,Gy,Gz,Gx_deg,Gx_rad,Gy_deg,Gy_rad,Gz_deg,Gz_rad,gyro_mag_rad,Acceleration,Outcome
2025-06-27 11:20:44,0.14,0.01,1.01,-4.21,3.24,-0.08,-0.03213740458015267,-0.00056090352296917,0.02473282442748092,0.00043166921957722357,-0.0006106870229007634,-1.0658499248820333e-05,0.0007078592238686112,1.0197058399362045,Standing
2025-06-27 11:20:44,0.15,0.02,1.01,-3.49,3.0,-0.06,-0.026641221374045804,-0.0004649770297297871,0.022900763358778626,0.0003996937218307625,-0.0004580152671755725,-7.993874436615249e-06,0.0006132068260185715,1.0212737145349429,Standing
2025-06-27 11:20:44,0.15,0.03,1.02,-4.52,3.72,0.32,-0.034503816793893125,-0.0006022052075583487,0.0283969465648855,0.0004956202150701455,0.0024427480916030535,4.263399699528133e-05,0.0007810942115368445,1.031406806260265,Standing
2025-06-27 11:20:45,0.14,0.02,1.02,-4.01,3.49,-0.26,-0.030610687022900762,-0.0005342572748471191,0.026641221374045804,0.0004649770297297871,-0.001984732824427481,-3.4640122558666083e-05,0.0007091081807413344,1.0297572529484802,Standing
2025-06-27 11:20:45,0.14,0.02,1.01,-3.72,4.04,0.08,-0.0283969465648855,-0.0004956202150701455,0.03083969465648855,0.0005382542120654268,0.0006106870229007634,1.0658499248820333e-05,0.000731758565374255,1.0198529305738155,Standing
2025-06-27 11:20:45,0.14,0.02,1.02,-4.0,3.0,-0.05,-0.030534351145038167,-0.0005329249624410166,0.022900763358778626,0.0003996937218307625,-0.0003816793893129771,-6.661562030512708e-06,0.0006661895100287697,1.0297572529484802,Standing
2025-06-27 11:20:45,0.16,0.02,1.02,-3.53,3.53,0.05,-0.026946564885496183,-0.0004703062793541972,0.026946564885496183,0.0004703062793541972,0.0003816793893129771,6.661562030512708e-06,0.0006651468779214578,1.032666451474047,Standing
2025-06-27 11:20:45,0.14,0.02,1.02,-4.35,3.84,-0.09,-0.033206106870229006,-0.0005795558966546055,0.02931297709923664,0.0005116079639433759,-0.0006870229007633588,-1.1990811654922875e-05,0.0007731568571005203,1.0297572529484802,Standing
2025-06-27 11:20:45,0.15,0.0,1.01,-4.0,3.22,-0.23,-0.030534351145038167,-0.0005329249624410166,0.02458015267175573,0.00042900459476501846,-0.0017557251908396948,-3.064318534035846e-05,0.0006848306087858955,1.021077861869505,Standing
2025-06-27 11:20:45,0.15,0.02,1.01,-3.89,3.49,0.05,-0.02969465648854962,-0.0005182695259738887,0.026641221374045804,0.0004649770297297871,0.0003816793893129771,6.661562030512708e-06,0.0006963126568849808,1.0212737145349429,Standing
2025-06-27 11:20:45,0.15,0.02,1.01,-4.08,3.21,-0.05,-0.031145038167938933,-0.000543583461689837,0.02450381679389313,0.00042767228235891585,-0.0003816793893129771,-6.661562030512708e-06,0.0006916870226695576,1.0212737145349429,Standing
2025-06-27 11:20:45,0.15,0.02,1.01,-3.91,3.66,-0.12,-0.02984732824427481,-0.0005209341507860938,0.027938931297709926,0.0004876263406335303,-0.000916030534351145,-1.5987748873230498e-05,0.0007137278512492768,1.0212737145349429,Standing
2025-06-27 11:20:45,0.15,0.02,1.01,-3.79,4.12,0.14,-0.028931297709923663,-0.0005049464019128633,0.031450381679389315,0.0005489127113142472,0.001068702290076336,1.8652373685435585e-05,0.000746072345346754,1.0212737145349429,Standing
2025-06-27 11:20:46,0.15,0.02,1.02,-4.0,3.19,-0.11,-0.030534351145038167,-0.0005329249624410166,0.02435114503816794,0.0004250076575467108,-0.0008396946564885496,-1.4655436467127958e-05,0.0006818029820880393,1.0311643903859364,Standing
2025-06-27 11:20:46,0.15,0.02,1.01,-3.79,3.84,-0.02,-0.028931297709923663,-0.0005049464019128633,0.02931297709923664,0.0005116079639433759,-0.00015267175572519084,-2.6646248122050833e-06,0.0007188328580417171,1.0212737145349429,Standing
2025-06-27 11:20:46,0.15,0.02,1.01,-4.27,3.65,-0.05,-0.03259541984732824,-0.0005688973974057852,0.027862595419847327,0.0004862940282274277,-0.0003816793893129771,-6.661562030512708e-06,0.0007484453935147309,1.0212737145349429,Standing
2025-06-27 11:20:46,0.15,0.01,1.01,-3.97,3.55,-0.04,-0.030305343511450384,-0.000528928025222709,0.027099236641221373,0.00047297090416640225,-0.0003053435114503817,-5.3292496244101666e-06,0.0007095736275789413,1.0211268285575499,Standing
2025-06-27 11:20:46,0.15,0.02,1.01,-3.92,3.9,0.02,-0.029923664122137403,-0.0005222664631921963,0.029770992366412213,0.0005196018383799913,0.00015267175572519084,2.6646248122050833e-06,0.0007367193693995984,1.0212737145349429,Standing
2025-06-27 11:20:46,0.14,0.02,1.01,-4.07,3.35,-0.32,-0.031068702290076338,-0.0005422511492837345,0.025572519083969465,0.00044632465604435144,-0.0024427480916030535,-4.263399699528133e-05,0.0007036047649017402,1.0198529305738155,Standing
2025-06-27 11:20:46,0.14,0.02,1.01,-3.53,3.73,0.1,-0.026946564885496183,-0.0004703062793541972,0.02847328244274809,0.0004969525274762481,0.0007633587786259542,1.3323124061025416e-05,0.0006843444429523518,1.0198529305738155,Standing
2025-06-27 11:20:46,0.14,0.02,1.01,-4.46,3.56,0.1,-0.03404580152671756,-0.0005942113331217336,0.02717557251908397,0.0004743032165725048,0.0007633587786259542,1.3323124061025416e-05,0.0007604131477664479,1.0198529305738155,Standing
2025-06-27 11:20:46,0.15,0.02,1.01,-3.84,3.82,-0.2,-0.02931297709923664,-0.0005116079639433759,0.02916030534351145,0.0005089433391311709,-0.0015267175572519084,-2.664624812205083e-05,0.0007221329889675825,1.0212737145349429,Standing
2025-06-27 11:20:47,0.14,0.02,1.01,-3.76,3.37,-0.24,-0.028702290076335877,-0.0005009494646945556,0.025725190839694656,0.00044898928085655655,-0.00183206106870229,-3.1975497746460996e-05,0.0006734717313725823,1.0198529305738155,Standing
2025-06-27 11:20:47,0.14,0.02,1.02,-3.72,3.4,-0.01,-0.0283969465648855,-0.0004956202150701455,0.025954198473282442,0.00045298621807486416,-7.633587786259542e-05,-1.3323124061025416e-06,0.0006714444775320541,1.0297572529484802,Standing
2025-06-27 11:20:47,0.15,0.02,1.0,-4.56,3.61,-0.49,-0.034809160305343506,-0.0006075344571827588,0.027557251908396946,0.0004809647786030175,-0.0037404580152671754,-6.528330789902453e-05,0.0007776163226239775,1.0113851887386922,Standing
2025-06-27 11:20:47,0.14,0.02,1.01,-3.86,3.87,-0.18,-0.02946564885496183,-0.000514272588755581,0.02954198473282443,0.0005156049011616837,-0.0013740458015267176,-2.398162330984575e-05,0.0007286287311820005,1.0198529305738155,Standing
2025-06-27 11:20:47,0.15,0.02,1.01,-3.87,3.63,0.08,-0.02954198473282443,-0.0005156049011616837,0.027709923664122137,0.00048362940341522263,0.0006106870229007634,1.0658499248820333e-05,0.0007070073673986367,1.0212737145349429,Standing
2025-06-27 11:20:47,0.15,0.03,1.01,-4.26,4.15,-0.01,-0.032519083969465644,-0.0005675650849996827,0.031679389312977105,0.0005529096485325549,-7.633587786259542e-05,-1.3323124061025416e-06,0.0007923641714561795,1.021518477561713,Standing
2025-06-27 11:20:47,0.15,0.01,1.01,-3.47,3.53,-0.12,-0.026488549618320614,-0.000462312404917582,0.026946564885496183,0.0004703062793541972,-0.000916030534351145,-1.5987748873230498e-05,0.000659678985761029,1.0211268285575499,Standing
2025-06-27 11:20:47,0.15,0.03,1.0,-3.89,3.7,-0.05,-0.02969465648854962,-0.0005182695259738887,0.028244274809160308,0.0004929555902579405,-0.0003816793893129771,-6.661562030512708e-06,0.0007152991625386123,1.0116323442832382,Standing
2025-06-27 11:20:47,0.14,0.02,1.01,-4.29,3.47,-0.05,-0.032748091603053434,-0.0005715620222179903,0.026488549618320614,0.000462312404917582,-0.0003816793893129771,-6.661562030512708e-06,0.0007351600379449927,1.0198529305738155,Standing
2025-06-27 11:20:47,0.15,0.01,1.01,-3.37,3.74,-0.45,-0.025725190839694656,-0.00044898928085655655,0.02854961832061069,0.0004982848398823506,-0.003435114503816794,-5.995405827461437e-05,0.0006734045181644266,1.0211268285575499,Standing
2025-06-27 11:20:48,0.15,0.02,1.02,-3.83,3.6,-0.02,-0.029236641221374045,-0.0005102756515372734,0.02748091603053435,0.00047963246619691497,-0.00015267175572519084,-2.6646248122050833e-06,0.0007003111047294006,1.0311643903859364,Standing
2025-06-27 11:20:48,0.15,0.01,1.01,-4.09,3.25,-0.25,-0.031221374045801525,-0.0005449157740959395,0.02480916030534351,0.000433001531983326,-0.0019083969465648854,-3.3307810152563536e-05,0.0006968019358294318,1.0211268285575499,Standing
2025-06-27 11:20:48,0.14,0.02,1.02,-3.79,3.82,0.07,-0.028931297709923663,-0.0005049464019128633,0.02916030534351145,0.0005089433391311709,0.000534351145038168,9.326186842717793e-06,0.0007169945390390071,1.0297572529484802,Standing
2025-06-27 11:20:48,0.15,0.01,1.01,-4.02,3.53,-0.01,-0.030687022900763354,-0.0005355895872532217,0.026946564885496183,0.0004703062793541972,-7.633587786259542e-05,-1.3323124061025416e-06,0.0007127734404636666,1.0211268285575499,Standing
2025-06-27 11:20:48,0.14,0.02,1.01,-3.97,3.25,0.18,-0.030305343511450384,-0.000528928025222709,0.02480916030534351,0.000433001531983326,0.0013740458015267176,2.398162330984575e-05,0.0006839812137935349,1.0198529305738155,Standing
2025-06-27 11:20:48,0.15,0.02,1.03,-4.06,2.85,0.13,-0.03099236641221374,-0.0005409188368776319,0.021755725190839695,0.00037970903573922434,0.0009923664122137405,1.7320061279333042e-05,0.0006611143051196076,1.0410571550111933,Standing
2025-06-27 11:20:48,0.14,0.01,1.02,-4.24,3.94,-0.07,-0.03236641221374046,-0.0005649004601874777,0.030076335877862594,0.0005249310880044014,-0.000534351145038168,-9.326186842717793e-06,0.000771201760134489,1.0296115772464878,Standing
2025-06-27 11:20:48,0.15,0.02,1.01,-3.7,3.46,0.11,-0.028244274809160308,-0.0004929555902579405,0.026412213740458015,0.0004609800925114794,0.0008396946564885496,1.4655436467127958e-05,0.000675072323145075,1.0212737145349429,Standing
2025-06-27 11:20:48,0.14,0.02,1.01,-3.97,2.95,-0.26,-0.030305343511450384,-0.000528928025222709,0.02251908396946565,0.0003930321598002498,-0.001984732824427481,-3.4640122558666083e-05,0.000659878074036502,1.0198529305738155,Standing
2025-06-27 11:20:48,0.16,0.02,0.99,-3.05,3.91,-0.17,-0.023282442748091603,-0.0004063552838612752,0.02984732824427481,0.0005209341507860938,-0.0012977099236641222,-2.2649310903743207e-05,0.0006610673168911172,1.0030453628824572,Standing
2025-06-27 11:20:49,0.13,0.04,1.02,-5.11,3.81,-0.14,-0.039007633587786264,-0.0006808116395183989,0.029083969465648854,0.0005076110267250684,-0.001068702290076336,-1.8652373685435585e-05,0.0008494241308090497,1.0290286682109493,Standing
2025-06-27 11:20:49,0.16,-0.0,1.02,-4.04,3.09,0.05,-0.03083969465648855,-0.0005382542120654268,0.023587786259541985,0.00041168453348568537,0.0003816793893129771,6.661562030512708e-06,0.0006776770088516993,1.0324727599312244,Standing
2025-06-27 11:20:49,0.14,0.03,1.01,-3.4,4.13,0.15,-0.025954198473282442,-0.00045298621807486416,0.03152671755725191,0.0005502450237203497,0.0011450381679389313,1.9984686091538126e-05,0.0007129975368631745,1.0200980345045274,Standing
2025-06-27 11:20:49,0.15,0.02,1.02,-4.34,3.11,-0.13,-0.033129770992366414,-0.0005782235842485031,0.023740458015267175,0.0004143491582978904,-0.0009923664122137405,-1.7320061279333042e-05,0.0007115670895186735,1.0311643903859364,Standing
2025-06-27 11:20:49,0.15,0.02,1.01,-3.67,3.92,0.32,-0.02801526717557252,-0.0004889586530396327,0.029923664122137403,0.0005222664631921963,0.0024427480916030535,4.263399699528133e-05,0.0007167011097085111,1.0212737145349429,Standing
2025-06-27 11:20:49,0.15,0.02,1.01,-4.27,3.6,0.06,-0.03259541984732824,-0.0005688973974057852,0.02748091603053435,0.00047963246619691497,0.0004580152671755725,7.993874436615249e-06,0.0007441474675316171,1.0212737145349429,Standing
2025-06-27 11:20:49,0.15,0.01,1.02,-3.79,3.46,-0.11,-0.028931297709923663,-0.0005049464019128633,0.026412213740458015,0.0004609800925114794,-0.0008396946564885496,-1.4655436467127958e-05,0.0006838773985991064,1.0310189135025603,Standing
2025-06-27 11:20:49,0.15,0.03,1.01,-3.75,3.5,-0.05,-0.02862595419847328,-0.0004996171522884531,0.026717557251908396,0.0004663093421358896,-0.0003816793893129771,-6.661562030512708e-06,0.000683451591433304,1.021518477561713,Standing
2025-06-27 11:20:49,0.15,0.02,1.0,-4.05,3.3,0.0,-0.030916030534351144,-0.0005395865244715294,0.025190839694656488,0.00043966309401383873,0.0,0.0,0.0006960296355968515,1.0113851887386922,Standing
2025-06-27 11:20:49,0.15,0.02,1.01,-3.76,3.79,-0.25,-0.028702290076335877,-0.0005009494646945556,0.028931297709923663,0.0005049464019128633,-0.0019083969465648854,-3.3307810152563536e-05,0.0007120608437483892,1.0212737145349429,Standing
2025-06-27 11:20:50,0.15,0.02,1.01,-3.91,3.89,0.15,-0.02984732824427481,-0.0005209341507860938,0.02969465648854962,0.0005182695259738887,0.0011450381679389313,1.9984686091538126e-05,0.0007351020872549644,1.0212737145349429,Standing
2025-06-27 11:20:50,0.13,0.02,1.02,-4.3,3.1,-0.14,-0.03282442748091603,-0.000572894334624093,0.02366412213740458,0.0004130168458917879,-0.001068702290076336,-1.8652373685435585e-05,0.0007064975192305238,1.0284454287904634,Standing
2025-06-27 11:20:50,0.16,0.02,1.02,-3.69,3.62,-0.23,-0.02816793893129771,-0.0004916232778518378,0.02763358778625954,0.0004822970910091201,-0.0017557251908396948,-3.064318534035846e-05,0.0006893786594676748,1.032666451474047,Standing
2025-06-27 11:20:50,0.17,0.03,1.01,-4.15,3.69,-0.03,-0.031679389312977105,-0.0005529096485325549,0.02816793893129771,0.0004916232778518378,-0.00022900763358778625,-3.9969372183076245e-06,0.0007398773562377118,1.0246462804304712,Standing
2025-06-27 11:20:50,0.13,0.01,1.01,-4.56,4.82,0.15,-0.034809160305343506,-0.0006075344571827588,0.036793893129770994,0.0006421745797414251,0.0011450381679389313,1.9984686091538126e-05,0.0008842430068757133,1.0183810681665286,Standing
2025-06-27 11:20:50,0.13,0.01,1.02,-3.46,2.48,-0.11,-0.026412213740458015,-0.0004609800925114794,0.018931297709923665,0.00033041347671343034,-0.0008396946564885496,-1.4655436467127958e-05,0.0005673539398856685,1.0282995672468214,Standing
2025-06-27 11:20:50,0.16,0.02,1.01,-3.83,3.44,-0.14,-0.029236641221374045,-0.0005102756515372734,0.026259541984732824,0.0004583154676992743,-0.001068702290076336,-1.8652373685435585e-05,0.0006861357150945391,1.0227903010881556,Standing
2025-06-27 11:20:50,0.15,0.02,1.01,-4.32,4.59,-0.11,-0.03297709923664122,-0.000575558959436298,0.035038167938931296,0.0006115313944010666,-0.0008396946564885496,-1.4655436467127958e-05,0.0008399128192518251,1.0212737145349429,Standing
2025-06-27 11:20:50,0.13,0.02,1.02,-4.11,3.05,-0.15,-0.03137404580152672,-0.0005475803989081447,0.023282442748091603,0.0004063552838612752,-0.0011450381679389313,-1.9984686091538126e-05,0.0006821790803510159,1.0284454287904634,Standing
2025-06-27 11:20:51,0.15,0.02,1.01,-3.64,3.6,0.17,-0.027786259541984732,-0.00048496171582132513,0.02748091603053435,0.00047963246619691497,0.0012977099236641222,2.2649310903743207e-05,0.0006824574416964863,1.0212737145349429,Standing
2025-06-27 11:20:51,0.14,0.03,1.01,-4.53,3.06,-0.25,-0.03458015267175573,-0.0006035375199644515,0.0233587786259542,0.00040768759626737776,-0.0019083969465648854,-3.3307810152563536e-05,0.0007290926720056048,1.0200980345045274,Standing
2025-06-27 11:20:51,0.15,0.01,1.0,-3.73,3.53,-0.24,-0.02847328244274809,-0.0004969525274762481,0.026946564885496183,0.0004703062793541972,-0.00183206106870229,-3.1975497746460996e-05,0.0006849614904658167,1.011236866416568,Standing
2025-06-27 11:20:51,0.14,0.02,1.01,-3.89,3.67,-0.09,-0.02969465648854962,-0.0005182695259738887,0.02801526717557252,0.0004889586530396327,-0.0006870229007633588,-1.1990811654922875e-05,0.0007126202673932836,1.0198529305738155,Standing
2025-06-27 11:20:51,0.15,0.01,1.01,-4.49,3.19,0.02,-0.03427480916030534,-0.0005982082703400412,0.02435114503816794,0.0004250076575467108,0.00015267175572519084,2.6646248122050833e-06,0.0007338199669550807,1.0211268285575499,Standing
2025-06-27 11:20:51,0.15,0.02,1.0,-3.29,3.92,-0.12,-0.025114503816793893,-0.0004383307816077362,0.029923664122137403,0.0005222664631921963,-0.000916030534351145,-1.5987748873230498e-05,0.0006820203375223998,1.0113851887386922,Standing
2025-06-27 11:20:51,0.15,0.02,1.01,-4.5,4.24,-0.02,-0.03435114503816794,-0.0005995405827461437,0.03236641221374046,0.0005649004601874777,-0.00015267175572519084,-2.6646248122050833e-06,0.0008237527180562134,1.0212737145349429,Standing
2025-06-27 11:20:51,0.15,0.01,1.01,-4.05,4.07,0.27,-0.030916030534351144,-0.0005395865244715294,0.031068702290076338,0.0005422511492837345,0.0020610687022900765,3.5972434964768624e-05,0.0007658223960998332,1.0211268285575499,Standing
2025-06-27 11:20:51,0.14,0.02,1.01,-3.98,2.95,-0.24,-0.030381679389312976,-0.0005302603376288116,0.02251908396946565,0.0003930321598002498,-0.00183206106870229,-3.1975497746460996e-05,0.0006608121796362446,1.0198529305738155,Standing
2025-06-27 11:20:51,0.16,0.02,1.01,-3.44,3.34,0.15,-0.026259541984732824,-0.0004583154676992743,0.02549618320610687,0.0004449923436382489,0.0011450381679389313,1.9984686091538126e-05,0.0006391170796553972,1.0227903010881556,Standing
2025-06-27 11:20:52,0.14,0.02,1.02,-4.39,3.68,0.02,-0.03351145038167939,-0.0005848851462790158,0.028091603053435117,0.0004902909654457354,0.00015267175572519084,2.6646248122050833e-06,0.0007632057162789903,1.0297572529484802,Standing
2025-06-27 11:20:52,0.14,0.01,1.01,-3.82,3.63,-0.34,-0.02916030534351145,-0.0005089433391311709,0.027709923664122137,0.00048362940341522263,-0.0025954198473282443,-4.529862180748641e-05,0.0007035429535084606,1.0197058399362045,Standing
2025-06-27 11:20:52,0.14,0.02,1.02,-4.16,3.47,0.17,-0.0317557251908397,-0.0005542419609386573,0.026488549618320614,0.000462312404917582,0.0012977099236641222,2.2649310903743207e-05,0.0007221010332981257,1.0297572529484802,Standing
2025-06-27 11:20:52,0.15,0.02,1.01,-3.81,3.57,-0.11,-0.029083969465648854,-0.0005076110267250684,0.027251908396946564,0.00047563552897860736,-0.0008396946564885496,-1.4655436467127958e-05,0.0006957822164281578,1.0212737145349429,Standing
2025-06-27 11:20:52,0.15,0.02,1.01,-3.96,3.95,0.12,-0.030229007633587785,-0.0005275957128166065,0.030152671755725193,0.000526263400410504,0.000916030534351145,1.5987748873230498e-05,0.0007453630061306525,1.0212737145349429,Standing
2025-06-27 11:20:52,0.15,0.02,1.01,-3.95,3.62,0.11,-0.030152671755725193,-0.000526263400410504,0.02763358778625954,0.0004822970910091201,0.0008396946564885496,1.4655436467127958e-05,0.0007139876976709949,1.0212737145349429,Standing
2025-06-27 11:20:52,0.15,0.01,1.01,-3.96,3.54,0.09,-0.030229007633587785,-0.0005275957128166065,0.027022900763358778,0.00047163859176029975,0.0006870229007633588,1.1990811654922875e-05,0.0007077739589616488,1.0211268285575499,Standing
2025-06-27 11:20:52,0.15,0.02,1.01,-3.5,3.68,-0.08,-0.026717557251908396,-0.0004663093421358896,0.028091603053435117,0.0004902909654457354,-0.0006106870229007634,-1.0658499248820333e-05,0.0006767150337972066,1.0212737145349429,Standing
2025-06-27 11:20:52,0.15,0.02,1.02,-3.75,3.34,0.11,-0.02862595419847328,-0.0004996171522884531,0.02549618320610687,0.0004449923436382489,0.0008396946564885496,1.4655436467127958e-05,0.0006692161583341564,1.0311643903859364,Standing
2025-06-27 11:20:52,0.15,0.02,1.02,-4.08,3.9,0.04,-0.031145038167938933,-0.000543583461689837,0.029770992366412213,0.0005196018383799913,0.0003053435114503817,5.3292496244101666e-06,0.0007519956457135456,1.0311643903859364,Standing
2025-06-27 11:20:53,0.15,0.02,1.01,-4.11,3.75,-0.05,-0.03137404580152672,-0.0005475803989081447,0.02862595419847328,0.0004996171522884531,-0.0003816793893129771,-6.661562030512708e-06,0.0007412866979367109,1.0212737145349429,Standing
2025-06-27 11:20:53,0.15,0.02,1.01,-3.72,3.38,-0.05,-0.0283969465648855,-0.0004956202150701455,0.02580152671755725,0.00045032159326265905,-0.0003816793893129771,-6.661562030512708e-06,0.0006696814999337247,1.0212737145349429,Standing
2025-06-27 11:20:53,0.14,0.02,1.02,-3.99,3.4,0.05,-0.030458015267175575,-0.0005315926500349141,0.025954198473282442,0.00045298621807486416,0.0003816793893129771,6.661562030512708e-06,0.0006984494511026531,1.0297572529484802,Standing
2025-06-27 11:20:53,0.14,0.02,1.01,-4.05,3.76,0.12,-0.030916030534351144,-0.0005395865244715294,0.028702290076335877,0.0005009494646945556,0.000916030534351145,1.5987748873230498e-05,0.0007364506715884368,1.0198529305738155,Standing
2025-06-27 11:20:53,0.14,0.02,1.02,-3.87,3.41,0.2,-0.02954198473282443,-0.0005156049011616837,0.026030534351145038,0.0004543185304809667,0.0015267175572519084,2.664624812205083e-05,0.000687723610020273,1.0297572529484802,Standing
2025-06-27 11:20:53,0.15,0.02,1.02,-3.91,4.02,-0.02,-0.02984732824427481,-0.0005209341507860938,0.030687022900763354,0.0005355895872532217,-0.00015267175572519084,-2.6646248122050833e-06,0.0007471517219780028,1.0311643903859364,Standing
2025-06-27 11:20:53,0.14,0.02,1.01,-3.71,3.66,0.07,-0.0283206106870229,-0.000494287902664043,0.027938931297709926,0.0004876263406335303,0.000534351145038168,9.326186842717793e-06,0.0006943968293135356,1.0198529305738155,Standing
2025-06-27 11:20:53,0.14,0.02,1.01,-3.89,3.9,0.21,-0.02969465648854962,-0.0005182695259738887,0.029770992366412213,0.0005196018383799913,0.0016030534351145038,2.7978560528153375e-05,0.0007344196156491827,1.0198529305738155,Standing
2025-06-27 11:20:53,0.15,0.02,1.01,-4.04,3.63,-0.18,-0.03083969465648855,-0.0005382542120654268,0.027709923664122137,0.00048362940341522263,-0.0013740458015267176,-2.398162330984575e-05,0.0007240097478007551,1.0212737145349429,Standing
2025-06-27 11:20:53,0.15,0.02,1.01,-4.13,3.37,0.29,-0.03152671755725191,-0.0005502450237203497,0.025725190839694656,0.00044898928085655655,0.002213740458015267,3.8637059776973705e-05,0.0007112339859998996,1.0212737145349429,Standing
2025-06-27 11:20:54,0.14,0.02,1.01,-4.05,3.37,-0.06,-0.030916030534351144,-0.0005395865244715294,0.025725190839694656,0.00044898928085655655,-0.0004580152671755725,-7.993874436615249e-06,0.000702003485563897,1.0198529305738155,Standing
2025-06-27 11:20:54,0.15,0.02,1.01,-3.54,3.16,0.15,-0.027022900763358778,-0.00047163859176029975,0.024122137404580152,0.00042101072032840314,0.0011450381679389313,1.9984686091538126e-05,0.0006325285571001967,1.0212737145349429,Standing
2025-06-27 11:20:54,0.15,0.02,1.01,-4.22,3.7,0.18,-0.03221374045801526,-0.0005622358353752724,0.028244274809160308,0.0004929555902579405,0.0013740458015267176,2.398162330984575e-05,0.0007481239648636183,1.0212737145349429,Standing
2025-06-27 11:20:54,0.14,0.01,1.01,-4.25,3.51,-0.18,-0.03244274809160305,-0.0005662327725935802,0.026793893129770992,0.0004676416545419921,-0.0013740458015267176,-2.398162330984575e-05,0.0007347675741881649,1.0197058399362045,Standing
2025-06-27 11:20:54,0.15,0.02,1.01,-4.11,3.42,0.02,-0.03137404580152672,-0.0005475803989081447,0.026106870229007633,0.0004556508428870692,0.00015267175572519084,2.6646248122050833e-06,0.0007123686434125868,1.0212737145349429,Standing
2025-06-27 11:20:54,0.15,0.02,1.01,-3.43,3.34,-0.25,-0.026183206106870232,-0.0004569831552931718,0.02549618320610687,0.0004449923436382489,-0.0019083969465648854,-3.3307810152563536e-05,0.000638718404569278,1.0212737145349429,Standing
2025-06-27 11:20:54,0.15,0.02,1.01,-3.73,3.88,0.01,-0.02847328244274809,-0.0004969525274762481,0.029618320610687022,0.0005169372135677862,7.633587786259542e-05,1.3323124061025416e-06,0.0007170688058984336,1.0212737145349429,Standing
2025-06-27 11:20:54,0.15,0.02,1.01,-4.2,3.86,0.11,-0.03206106870229008,-0.0005595712105630676,0.02946564885496183,0.000514272588755581,0.0008396946564885496,1.4655436467127958e-05,0.0007601388143322414,1.0212737145349429,Standing
2025-06-27 11:20:54,0.15,0.02,1.01,-3.45,3.68,0.15,-0.026335877862595423,-0.00045964778010537693,0.028091603053435117,0.0004902909654457354,0.0011450381679389313,1.9984686091538126e-05,0.0006723545941180811,1.0212737145349429,Standing
2025-06-27 11:20:55,0.15,0.02,1.01,-3.69,3.89,0.0,-0.02816793893129771,-0.0004916232778518378,0.02969465648854962,0.0005182695259738887,0.0,0.0,0.0007143505784129978,1.0212737145349429,Standing
2025-06-27 11:20:55,0.15,0.01,1.01,-3.71,3.55,-0.09,-0.0283206106870229,-0.000494287902664043,0.027099236641221373,0.00047297090416640225,-0.0006870229007633588,-1.1990811654922875e-05,0.0006842264146261428,1.0211268285575499,Standing
2025-06-27 11:20:55,0.15,0.02,1.01,-4.11,3.44,0.12,-0.03137404580152672,-0.0005475803989081447,0.026259541984732824,0.0004583154676992743,0.000916030534351145,1.5987748873230498e-05,0.000714249934767124,1.0212737145349429,Standing
2025-06-27 11:20:55,0.15,0.01,1.01,-4.06,3.59,0.05,-0.03099236641221374,-0.0005409188368776319,0.027404580152671755,0.0004783001537908124,0.0003816793893129771,6.661562030512708e-06,0.0007220862840506329,1.0211268285575499,Standing
2025-06-27 11:20:55,0.14,0.02,1.02,-3.92,3.61,0.18,-0.029923664122137403,-0.0005222664631921963,0.027557251908396946,0.0004809647786030175,0.0013740458015267176,2.398162330984575e-05,0.0007103974205249557,1.0297572529484802,Standing
2025-06-27 11:20:55,0.15,0.02,1.02,-3.78,3.28,-0.24,-0.028854961832061068,-0.0005036140895067607,0.025038167938931297,0.0004369984692016337,-0.00183206106870229,-3.1975497746460996e-05,0.0006675456880921549,1.0311643903859364,Standing
2025-06-27 11:20:55,0.16,0.02,1.01,-4.02,3.47,-0.08,-0.030687022900763354,-0.0005355895872532217,0.026488549618320614,0.000462312404917582,-0.0006106870229007634,-1.0658499248820333e-05,0.0007076033983249314,1.0227903010881556,Standing
2025-06-27 11:20:55,0.15,0.02,1.01,-4.1,4.02,0.05,-0.03129770992366412,-0.000546248086502042,0.030687022900763354,0.0005355895872532217,0.0003816793893129771,6.661562030512708e-06,0.0007650408841296687,1.0212737145349429,Standing
2025-06-27 11:20:55,0.15,0.01,1.01,-3.49,3.52,0.21,-0.026641221374045804,-0.0004649770297297871,0.026870229007633587,0.00046897396694809464,0.0016030534351145038,2.7978560528153375e-05,0.0006610015277596531,1.0211268285575499,Standing
2025-06-27 11:20:55,0.15,0.02,1.01,-3.9,3.32,0.06,-0.029770992366412213,-0.0005196018383799913,0.02534351145038168,0.00044232771882604384,0.0004580152671755725,7.993874436615249e-06,0.0006824249287051482,1.0212737145349429,Standing
2025-06-27 11:20:56,0.15,0.02,1.01,-4.21,3.75,0.2,-0.03213740458015267,-0.00056090352296917,0.02862595419847328,0.0004996171522884531,0.0015267175572519084,2.664624812205083e-05,0.0007516249619850523,1.0212737145349429,Standing
2025-06-27 11:20:56,0.15,0.02,1.01,-3.72,3.56,-0.05,-0.0283969465648855,-0.0004956202150701455,0.02717557251908397,0.0004743032165725048,-0.0003816793893129771,-6.661562030512708e-06,0.0006860374007631713,1.0212737145349429,Standing
2025-06-27 11:20:56,0.15,0.02,1.02,-3.73,3.31,-0.21,-0.02847328244274809,-0.0004969525274762481,0.025267175572519084,0.0004409954064199413,-0.0016030534351145038,-2.7978560528153375e-05,0.0006649974157075709,1.0311643903859364,Standing
2025-06-27 11:20:56,0.15,0.02,1.01,-4.08,3.6,-0.15,-0.031145038167938933,-0.000543583461689837,0.02748091603053435,0.00047963246619691497,-0.0011450381679389313,-1.9984686091538126e-05,0.0007252100868927697,1.0212737145349429,Standing
2025-06-27 11:20:56,0.15,0.02,1.02,-3.89,3.89,-0.15,-0.02969465648854962,-0.0005182695259738887,0.02969465648854962,0.0005182695259738887,-0.0011450381679389313,-1.9984686091538126e-05,0.0007332161964827127,1.0311643903859364,Standing
2025-06-27 11:20:56,0.14,0.02,1.01,-3.59,3.65,0.24,-0.027404580152671755,-0.0004783001537908124,0.027862595419847327,0.0004862940282274277,0.00183206106870229,3.1975497746460996e-05,0.0006828435775945374,1.0198529305738155,Standing
2025-06-27 11:20:56,0.15,0.02,1.01,-4.03,3.07,-0.24,-0.030763358778625956,-0.0005369218996593244,0.023435114503816794,0.00040901990867348026,-0.00183206106870229,-3.1975497746460996e-05,0.0006757254209227101,1.0212737145349429,Standing
2025-06-27 11:20:56,0.15,0.03,1.01,-3.92,4.08,-0.1,-0.029923664122137403,-0.0005222664631921963,0.031145038167938933,0.000543583461689837,-0.0007633587786259542,-1.3323124061025416e-05,0.0007539381566366949,1.021518477561713,Standing
2025-06-27 11:20:56,0.14,0.01,1.01,-4.04,3.92,0.02,-0.03083969465648855,-0.0005382542120654268,0.029923664122137403,0.0005222664631921963,0.00015267175572519084,2.6646248122050833e-06,0.000749991303687482,1.0197058399362045,Standing
2025-06-27 11:20:56,0.14,0.02,1.02,-3.78,3.45,-0.08,-0.028854961832061068,-0.0005036140895067607,0.026335877862595423,0.00045964778010537693,-0.0006106870229007634,-1.0658499248820333e-05,0.0006819214298669325,1.0297572529484802,Standing
2025-06-27 11:20:57,0.15,0.02,1.01,-4.01,3.75,-0.17,-0.030610687022900762,-0.0005342572748471191,0.02862595419847328,0.0004996171522884531,-0.0012977099236641222,-2.2649310903743207e-05,0.0007318204191414092,1.0212737145349429,Standing
2025-06-27 11:20:57,0.15,0.02,1.01,-3.99,3.66,0.05,-0.030458015267175575,-0.0005315926500349141,0.027938931297709926,0.0004876263406335303,0.0003816793893129771,6.661562030512708e-06,0.0007213976504393931,1.0212737145349429,Standing
2025-06-27 11:20:57,0.14,0.02,1.01,-3.87,3.48,0.21,-0.02954198473282443,-0.0005156049011616837,0.026564885496183206,0.0004636447173236845,0.0016030534351145038,2.7978560528153375e-05,0.0006939723610154344,1.0198529305738155,Standing
2025-06-27 11:20:57,0.15,0.02,1.02,-3.69,3.6,0.03,-0.02816793893129771,-0.0004916232778518378,0.02748091603053435,0.00047963246619691497,0.00022900763358778625,3.9969372183076245e-06,0.000686845488784084,1.0311643903859364,Standing
2025-06-27 11:20:57,0.15,0.02,1.01,-3.76,3.37,0.15,-0.028702290076335877,-0.0005009494646945556,0.025725190839694656,0.00044898928085655655,0.0011450381679389313,1.9984686091538126e-05,0.0006730090104746199,1.0212737145349429,Standing
2025-06-27 11:20:57,0.15,0.02,1.01,-3.69,3.87,0.24,-0.02816793893129771,-0.0004916232778518378,0.02954198473282443,0.0005156049011616837,0.00183206106870229,3.1975497746460996e-05,0.000713136939082438,1.0212737145349429,Standing
2025-06-27 11:20:57,0.15,0.02,1.02,-3.98,3.3,0.11,-0.030381679389312976,-0.0005302603376288116,0.025190839694656488,0.00043966309401383873,0.0008396946564885496,1.4655436467127958e-05,0.0006889807281180548,1.0311643903859364,Standing
2025-06-27 11:20:57,0.15,0.02,1.01,-3.82,3.48,0.08,-0.02916030534351145,-0.0005089433391311709,0.026564885496183206,0.0004636447173236845,0.0006106870229007634,1.0658499248820333e-05,0.0006885516320178048,1.0212737145349429,Standing
2025-06-27 11:20:57,0.15,0.02,1.01,-3.94,3.6,0.08,-0.030076335877862594,-0.0005249310880044014,0.02748091603053435,0.00047963246619691497,0.0006106870229007634,1.0658499248820333e-05,0.0007111353973680796,1.0212737145349429,Standing
2025-06-27 11:20:57,0.14,0.02,1.01,-3.67,3.63,0.14,-0.02801526717557252,-0.0004889586530396327,0.027709923664122137,0.00048362940341522263,0.001068702290076336,1.8652373685435585e-05,0.0006879868278348047,1.0198529305738155,Standing
2025-06-27 11:20:58,0.15,0.02,1.01,-3.96,3.44,-0.08,-0.030229007633587785,-0.0005275957128166065,0.026259541984732824,0.0004583154676992743,-0.0006106870229007634,-1.0658499248820333e-05,0.0006989448531329955,1.0212737145349429,Standing
2025-06-27 11:20:58,0.15,0.02,1.01,-3.94,3.44,0.02,-0.030076335877862594,-0.0005249310880044014,0.026259541984732824,0.0004583154676992743,0.00015267175572519084,2.6646248122050833e-06,0.000696859250718019,1.0212737145349429,Standing
2025-06-27 11:20:58,0.15,0.01,1.02,-4.18,3.73,0.14,-0.03190839694656488,-0.0005569065857508623,0.02847328244274809,0.0004969525274762481,0.001068702290076336,1.8652373685435585e-05,0.0007466288709002719,1.0310189135025603,Standing
2025-06-27 11:20:58,0.15,0.02,1.01,-3.58,3.85,-0.02,-0.02732824427480916,-0.0004769678413847099,0.029389312977099236,0.0005129402763494785,-0.00015267175572519084,-2.6646248122050833e-06,0.0007004378266784704,1.0212737145349429,Standing
2025-06-27 11:20:58,0.14,0.02,1.01,-4.27,3.5,0.0,-0.03259541984732824,-0.0005688973974057852,0.026717557251908396,0.0004663093421358896,0.0,0.0,0.0007355872832902171,1.0198529305738155,Standing
2025-06-27 11:20:58,0.15,0.02,1.01,-3.54,3.72,-0.05,-0.027022900763358778,-0.00047163859176029975,0.0283969465648855,0.0004956202150701455,-0.0003816793893129771,-6.661562030512708e-06,0.0006841978772493396,1.0212737145349429,Standing
2025-06-27 11:20:58,0.15,0.02,1.02,-3.83,3.66,0.05,-0.029236641221374045,-0.0005102756515372734,0.027938931297709926,0.0004876263406335303,0.0003816793893129771,6.661562030512708e-06,0.0007058364293801525,1.0311643903859364,Standing
2025-06-27 11:20:58,0.14,0.02,1.01,-4.09,3.8,0.37,-0.031221374045801525,-0.0005449157740959395,0.02900763358778626,0.0005062787143189658,0.0028244274809160305,4.929555902579404e-05,0.0007454403997441428,1.0198529305738155,Standing
2025-06-27 11:20:58,0.15,0.02,1.0,-4.11,3.61,-0.23,-0.03137404580152672,-0.0005475803989081447,0.027557251908396946,0.0004809647786030175,-0.0017557251908396948,-3.064318534035846e-05,0.0007294589887943366,1.0113851887386922,Standing
2025-06-27 11:20:59,0.14,0.02,1.02,-3.51,3.61,0.05,-0.026793893129770992,-0.0004676416545419921,0.027557251908396946,0.0004809647786030175,0.0003816793893129771,6.661562030512708e-06,0.00067086527092115,1.0297572529484802,Standing
2025-06-27 11:20:59,0.15,0.02,1.01,-4.24,3.77,-0.15,-0.03236641221374046,-0.0005649004601874777,0.028778625954198472,0.0005022817771006582,-0.0011450381679389313,-1.9984686091538126e-05,0.0007561738564679398,1.0212737145349429,Standing
2025-06-27 11:20:59,0.15,0.02,1.01,-4.08,3.55,-0.13,-0.031145038167938933,-0.000543583461689837,0.027099236641221373,0.00047297090416640225,-0.0009923664122137405,-1.7320061279333042e-05,0.0007207526902713652,1.0212737145349429,Standing
2025-06-27 11:20:59,0.15,0.02,1.01,-4.27,3.7,-0.03,-0.03259541984732824,-0.0005688973974057852,0.028244274809160308,0.0004929555902579405,-0.00022900763358778625,-3.9969372183076245e-06,0.0007527718367797494,1.0212737145349429,Standing
2025-06-27 11:20:59,0.15,0.02,1.01,-4.2,3.44,0.08,-0.03206106870229008,-0.0005595712105630676,0.026259541984732824,0.0004583154676992743,0.0006106870229007634,1.0658499248820333e-05,0.0007233855204727687,1.0212737145349429,Standing
2025-06-27 11:20:59,0.15,0.02,1.02,-3.69,3.68,-0.08,-0.02816793893129771,-0.0004916232778518378,0.028091603053435117,0.0004902909654457354,-0.0006106870229007634,-1.0658499248820333e-05,0.0006944006636875671,1.0311643903859364,Standing
2025-06-27 11:20:59,0.14,0.02,1.02,-4.21,3.47,-0.1,-0.03213740458015267,-0.00056090352296917,0.026488549618320614,0.000462312404917582,-0.0007633587786259542,-1.3323124061025416e-05,0.0007269958923230928,1.0297572529484802,Standing
2025-06-27 11:20:59,0.15,0.02,1.01,-3.92,3.76,-0.14,-0.029923664122137403,-0.0005222664631921963,0.028702290076335877,0.0005009494646945556,-0.001068702290076336,-1.8652373685435585e-05,0.000723920255136675,1.0212737145349429,Standing
2025-06-27 11:20:59,0.15,0.02,1.01,-3.68,3.51,0.04,-0.028091603053435117,-0.0004902909654457354,0.026793893129770992,0.0004676416545419921,0.0003053435114503817,5.3292496244101666e-06,0.0006775709178839086,1.0212737145349429,Standing
2025-06-27 11:20:59,0.15,0.02,1.01,-3.95,3.77,-0.01,-0.030152671755725193,-0.000526263400410504,0.028778625954198472,0.0005022817771006582,-7.633587786259542e-05,-1.3323124061025416e-06,0.0007274901547618148,1.0212737145349429,Standing
2025-06-27 12:28:12,0.16,-0.12,0.9,-18.47,15.87,8.12,-0.14099236641221374,-0.0024607810140713946,0.12114503816793892,0.0021143797884847332,0.06198473282442748,0.0010818376737552638,0.0034200026084088278,0.9219544457292888,Fall
2025-06-27 12:28:12,0.24,0.28,0.05,-113.12,250.13,87.1,-0.8635114503816794,-0.015071117937831951,1.9093893129770991,0.033325130213842875,0.664885496183206,0.011604441057153136,0.03837142103069112,0.3721558813185679,Fall
2025-06-27 12:28:13,-0.85,0.26,0.39,113.51,250.13,117.05,0.8664885496183207,0.015123078121669952,1.9093893129770991,0.033325130213842875,0.8935114503816793,0.015594716713430249,0.039780233596798505,0.9706698717895801,Fall
2025-06-27 12:28:13,-0.3,0.02,0.47,-250.14,250.13,-170.41,-1.9094656488549617,-0.033326462526248976,1.9093893129770991,0.033325130213842875,-1.3008396946564886,-0.022703935712393413,0.05231334538256518,0.5579426493825328,Fall
2025-06-27 12:28:13,-0.57,0.09,0.85,-103.89,153.31,-68.03,-0.7930534351145038,-0.013841393586999304,1.1703053435114503,0.020425681497958065,-0.5193129770992366,-0.00906372129871559,0.026285807670053483,1.0273752965688827,Fall
2025-06-27 12:28:13,-0.57,0.14,0.84,-3.82,-0.79,1.12,-0.02916030534351145,-0.0005089433391311709,-0.006030534351145038,-0.00010525268008210078,0.008549618320610687,0.00014921898948348468,0.0005407104178143079,1.0247438704378766,Fall
2025-06-27 12:30:49,-0.07,-0.54,0.85,-4.72,3.66,-1.46,-0.03603053435114504,-0.0006288514556803997,0.027938931297709926,0.0004876263406335303,-0.011145038167938931,-0.00019451761129097108,0.0008191890517416299,1.0094552986635912,Fall
2025-06-27 12:30:49,0.38,-0.15,0.07,171.46,4.46,189.26,1.308854961832061,0.02284382851503418,0.03404580152671756,0.0005942113331217336,1.4447328244274809,0.0252153445978967,0.03402950472051242,0.4144876355212541,Fall
2025-06-27 12:30:50,-0.64,0.07,0.39,117.63,250.13,163.23,0.8979389312977099,0.015671990832984196,1.9093893129770991,0.033325130213842875,1.2460305343511449,0.021747335404811784,0.04276823818732897,0.7527283706623525,Fall
2025-06-27 12:30:50,-0.7,-0.21,-0.68,-250.14,250.13,-157.44,-1.9094656488549617,-0.033326462526248976,1.9093893129770991,0.033325130213842875,-1.2018320610687023,-0.020975926521678415,0.05158688691640457,0.9982484660644363,Fall
2025-06-27 12:30:50,-0.44,0.16,0.65,188.57,-177.85,18.55,1.4394656488549618,0.025123415041875628,-1.3576335877862595,-0.023695176142533702,0.1416030534351145,0.0024714395133202146,0.03462304679054172,0.8010617953691214,Fall
2025-06-27 12:30:50,-0.73,-0.04,0.62,69.01,-78.66,26.52,0.526793893129771,0.009194287914513639,-0.6004580152671756,-0.010479969386402593,0.20244274809160304,0.00353329250098394,0.014382240593607674,0.9585927185202274,Fall
2025-06-27 12:30:50,-0.71,0.01,0.67,-44.47,48.68,-17.52,-0.33946564885496183,-0.005924793269938003,0.3716030534351145,0.006485696792907173,-0.13374045801526718,-0.0023342113354916532,0.009089333349578876,0.9762684057163789,Fall
2025-06-27 12:32:06,0.55,-0.48,0.17,-45.21,78.57,46.42,-0.3451145038167939,-0.0060233843879895915,0.5997709923664122,0.010467978574747669,0.35435114503816795,0.006184594189127999,0.013568674961507803,0.7495331880577404,Fall
2025-06-27 12:32:06,0.08,-0.24,0.5,182.07,143.58,196.43,1.3898473282442747,0.024257411977908972,1.0960305343511452,0.019129341526820297,1.4994656488549618,0.026170612593072226,0.04048771056274242,0.5603570290448759,Fall
2025-06-27 12:32:06,-0.96,0.25,0.24,153.24,250.13,102.54,1.1697709923664124,0.02041635531111535,1.9093893129770991,0.033325130213842875,0.7827480916030535,0.013661531412175463,0.041400837050537376,1.0206370559606388,Fall
2025-06-27 12:32:06,-0.71,-0.06,0.13,-250.14,34.31,-250.14,-1.9094656488549617,-0.033326462526248976,0.2619083969465649,0.004571163865337821,-1.9094656488549617,-0.033326462526248976,0.04735189276164919,0.7242927584892728,Fall
2025-06-27 12:32:06,-0.5,0.04,0.31,68.93,-34.06,-45.4,0.5261832061068703,0.009183629415264821,-0.26,-0.004537856055185257,-0.3465648854961832,-0.006048698323705539,0.011896131229340782,0.5896609195122228,Fall
2025-06-28 09:45:48,0.18,0.32,1.11,-5.08,-11.1,-7.73,-0.038778625954198474,-0.0006768147023000912,-0.08473282442748091,-0.0014788667707738212,-0.05900763358778626,-0.0010298774899172647,0.0019250383661597076,1.169144986731757,Fall
2025-06-28 09:45:48,-0.49,1.92,1.07,-217.81,-67.39,250.13,-1.6626717557251909,-0.02901909651731946,-0.5144274809160305,-0.008978453304725027,1.9093893129770991,0.033325130213842875,0.045091960372068696,2.251976909295475,Fall
2025-06-28 09:45:48,-0.46,0.32,-0.84,-250.14,-250.14,22.76,-1.9094656488549617,-0.033326462526248976,-1.9094656488549617,-0.033326462526248976,0.1737404580152672,0.003032343036289385,0.04722818346407881,1.0097524449091468,Fall
2025-06-28 09:45:48,-0.2,-0.45,0.4,-106.45,-104.29,-63.83,-0.8125954198473283,-0.014182465562961558,-0.7961068702290077,-0.013894686083243409,-0.48725190839694654,-0.008504150088152524,0.021599194418271555,0.6344288770224761,Fall
2025-06-28 09:45:48,-0.33,-0.53,-0.06,-77.62,-141.13,-155.89,-0.5925190839694657,-0.01034140889616793,-1.077328244274809,-0.018802924987325168,-1.19,-0.02076941809873252,0.02986408301282121,0.6272160712226689,Fall
2025-06-28 09:45:48,-0.1,-0.63,0.61,34.97,-16.73,-109.08,0.2669465648854962,0.004659096484140588,-0.12770992366412215,-0.0022289586554095522,-0.8326717557251908,-0.014532863725766523,0.01542334479961324,0.8826097665446492,Fall
2025-06-28 09:45:52,0.2,0.16,0.99,4.47,-6.89,-29.29,0.03412213740458015,0.0005955436455278361,-0.05259541984732824,-0.0009179632478046511,-0.22358778625954198,-0.0039023430374743443,0.0040528520747953704,1.0225947388873073,Fall
2025-06-28 09:45:52,0.19,0.25,0.91,37.63,-1.61,-32.01,0.2872519083969466,0.005013491584163865,-0.012290076335877864,-0.00021450229738250923,-0.24435114503816793,-0.004264732011934236,0.0065855180687384735,0.9626525853079085,Fall
2025-06-28 09:45:52,-0.17,2.0,1.74,-87.84,127.05,250.13,-0.6705343511450382,-0.011703032175204726,0.9698473282442748,0.01692702911953279,1.9093893129770991,0.033325130213842875,0.03916694500056101,2.6564073482807564,Fall
2025-06-28 09:45:52,-1.18,-2.0,-0.67,-235.41,-196.18,246.29,-1.7970229007633587,-0.03136396635205993,-1.497557251908397,-0.026137304782919663,1.8800763358778625,0.032813522249899495,0.052379235667323665,2.416878151665905,Fall
2025-06-28 09:45:52,0.09,-0.55,0.15,13.82,-40.64,17.82,0.10549618320610687,0.0018412557452337126,-0.3102290076335878,-0.00541451761840073,0.13603053435114504,0.002374180707674729,0.006192249816667844,0.5771481612203231,Fall
2025-06-28 09:45:52,0.22,-0.1,0.81,-59.18,34.79,48.95,-0.4517557251908397,-0.007884624819314841,0.26557251908396945,0.004635114860830742,0.3736641221374046,0.006521669227871941,0.011233154847691782,0.8452810183601664,Fall
2025-06-28 09:45:52,0.07,-0.55,0.84,-13.38,14.56,39.89,-0.10213740458015268,-0.0017826339993652009,0.11114503816793893,0.0019398468632853005,0.30450381679389316,0.005314594187943039,0.005931753637096581,1.0064790112068904,Fall
2025-06-28 10:03:44,-0.43,0.33,1.1,-34.62,-4.54,-7.79,-0.2642748091603053,-0.0046124655499269985,-0.03465648854961832,-0.000604869832370554,-0.05946564885496183,-0.0010378713643538799,0.004766328034485366,1.2262952336203548,collision
2025-06-28 10:03:44,-0.12,0.03,0.73,117.97,-20.34,-6.05,0.9005343511450382,0.015717289454791686,-0.1552671755725191,-0.0027099234340125697,-0.046183206106870225,-0.0008060490056920376,0.015969551898018103,0.7404052944165107,collision
2025-06-28 10:03:44,-0.45,0.21,0.96,88.69,6.63,-36.05,0.6770229007633588,0.011816278729723443,0.05061068702290076,0.000883323125245985,-0.27519083969465646,-0.004802986223999662,0.012785670863511211,1.0808330120791092,collision
2025-06-28 10:03:45,-0.38,0.29,1.25,88.45,-91.21,-33.44,0.6751908396946565,0.011784303231976982,-0.6962595419847327,-0.01215202145606128,-0.25526717557251905,-0.004455252686006899,0.017504019670576486,1.3382824813917276,collision
2025-06-28 10:03:45,-0.62,0.11,0.96,-131.53,143.44,-90.89,-1.0040458015267175,-0.01752390507746673,1.0949618320610688,0.01911068915313486,-0.6938167938931298,-0.012109387459066001,0.0286171793457286,1.1480853626799707,collision
2025-06-28 10:03:45,-0.27,-0.21,0.69,115.15,-111.09,-96.16,0.8790076335877863,0.015341577356270768,-0.8480152671755725,-0.014800658519393136,-0.7340458015267175,-0.012811516097082039,0.02487083498984135,0.7701298591796061,collision
2025-06-28 10:03:46,0.04,0.28,1.15,29.24,-5.04,-58.73,0.223206106870229,0.0038956814754438312,-0.03847328244274809,-0.000671485452675681,-0.4483206106870229,-0.007824670761040226,0.008766567138278765,1.184271928232701,collision
2025-06-28 10:03:46,0.07,0.29,1.31,-45.15,-46.75,26.29,-0.34465648854961833,-0.006015390513552976,-0.3568702290076336,-0.006228560498529382,0.20068702290076335,0.0035026493156435816,0.00934068740204714,1.3435400998853737,collision
2025-06-28 10:03:46,-0.11,0.26,1.18,-102.15,89.74,4.27,-0.7797709923664122,-0.013609571228337463,0.6850381679389312,0.011956171532364208,0.03259541984732824,0.0005688973974057852,0.018124406500056277,1.2133012816279392,collision
2025-06-28 10:03:46,0.04,0.3,1.16,-27.06,-26.02,-20.16,-0.2065648854961832,-0.0036052373709134777,-0.1986259541984733,-0.0034666768806788134,-0.15389312977099237,-0.002685941810702724,0.0056771355899031635,1.1988327656516566,collision
2025-06-28 10:03:47,-0.2,0.32,1.04,101.93,-111.52,100.4,0.7780916030534352,0.013580260355403207,-0.851297709923664,-0.014857947952855543,0.7664122137404581,0.013376416557269519,0.02416838034713734,1.1063453348751466,collision
2025-06-28 10:03:47,-0.81,-0.3,2.0,-61.1,-53.03,107.14,-0.46641221374045805,-0.00814042880128653,-0.40480916030534353,-0.0070652526895617785,0.8178625954198473,0.01427439511898263,0.01788694307725639,2.1785545666794763,collision
2025-06-28 10:03:47,-0.69,0.64,1.11,-87.07,-6.08,82.92,-0.6646564885496182,-0.011600444119934829,-0.046412213740458015,-0.0008100459429103453,0.6329770992366412,0.011047534471402276,0.01603977855539713,1.4552662986546483,collision
2025-06-28 10:03:47,-0.34,0.06,1.1,-18.27,-34.98,89.42,-0.13946564885496182,-0.0024341347659493436,-0.2670229007633588,-0.004660428796546691,0.6825954198473283,0.011913537535368928,0.013022172830719506,1.1529093633065872,collision
2025-06-28 10:03:47,-0.06,1.08,0.43,5.5,-42.66,156.63,0.04198473282442748,0.0007327718233563979,-0.32564885496183205,-0.005683644724433443,1.195648854961832,0.020868009216784108,0.021640577177387658,1.1640017182117903,collision
2025-06-28 10:03:47,0.06,0.48,0.92,-4.52,12.5,101.23,-0.034503816793893125,-0.0006022052075583487,0.09541984732824428,0.0016653905076281772,0.7727480916030535,0.013486998486976029,0.013602768278648363,1.0394229168149027,collision
2025-06-28 10:03:47,-0.71,-0.01,1.13,-159.66,81.27,71.82,-1.2187786259541984,-0.02127169987583318,0.620381679389313,0.010827702924395357,0.5482442748091603,0.009568667700628454,0.025715438316146415,1.3345785851721133,collision
2025-06-28 10:03:47,-0.53,-0.15,1.4,-23.65,-43.15,65.63,-0.18053435114503816,-0.003150918840432511,-0.3293893129770992,-0.005748928032332467,0.5009923664122137,0.00874396632125098,0.010928650881380647,1.5044600360262148,collision
2025-06-28 10:03:48,-0.41,0.03,1.12,-45.65,-3.18,50.63,-0.34847328244274806,-0.006082006133858102,-0.024274809160305343,-0.00042367534514060824,0.38648854961832063,0.006745497712097169,0.009092416554155212,1.1930632841555389,collision
2025-06-28 10:03:48,-0.36,0.01,0.71,-132.18,115.02,24.54,-1.0090076335877862,-0.017610505383863394,0.8780152671755724,0.015324257294991433,0.18732824427480915,0.003269494644575637,0.02357227941352063,0.7961155694998057,collision
2025-06-28 10:03:48,-0.18,-0.17,1.01,-143.55,60.82,33.88,-1.0958015267175574,-0.019125344589601988,0.46427480916030534,0.008103124053915658,0.2586259541984733,0.0045138744318754115,0.021255928290500586,1.0399038417084534,collision
2025-06-28 10:03:48,-0.36,-0.18,0.77,-17.91,42.88,7.76,-0.1367175572519084,-0.002386171519329652,0.32732824427480917,0.005712955597367698,0.059236641221374044,0.0010338744271355723,0.0062769875344977225,0.8688498144098322,collision
2025-06-28 10:03:48,-0.46,-0.07,1.04,-7.78,58.55,-19.25,-0.05938931297709924,-0.0010365390519477774,0.44694656488549617,0.007800689137730381,-0.14694656488549618,-0.0025647013817473928,0.008276645299108482,1.1393419153177855,collision
2025-06-28 10:03:48,-0.46,0.01,1.08,-77.95,62.56,-9.77,-0.5950381679389313,-0.010385375205569312,0.477557251908397,0.008334946412577501,-0.07458015267175572,-0.0013016692207621831,0.013379898827019284,1.1739250401963492,collision
2025-06-28 10:03:49,-0.22,0.22,1.07,-15.87,0.95,19.02,-0.12114503816793892,-0.0021143797884847332,0.007251908396946565,0.00012656967857974146,0.1451908396946565,0.0025340581964070344,0.0033027371551890405,1.11431593365616,collision
2025-06-28 10:03:49,-0.16,-0.01,1.2,-10.0,5.5,14.32,-0.07633587786259542,-0.0013323124061025418,0.04198473282442748,0.0007327718233563979,0.10931297709923664,0.0019078713655388397,0.0024396688381833386,1.2106609764917675,collision
2025-06-28 10:03:49,-0.28,0.17,1.03,5.68,-0.4,11.0,0.0433587786259542,0.0007567534466662437,-0.0030534351145038168,-5.329249624410166e-05,0.08396946564885496,0.0014655436467127959,0.0016502527229540955,1.0808330120791092,collision
2025-06-28 10:03:49,-0.51,0.11,1.51,-110.31,-1.59,2.82,-0.8420610687022901,-0.014696738151717138,-0.012137404580152672,-0.00021183767257030412,0.02152671755725191,0.00037571209852091674,0.014703065907511708,1.597591937886518,collision
2025-06-28 10:03:50,-0.4,0.14,1.05,8.87,3.3,-10.28,0.06770992366412214,0.0011817611042129544,0.025190839694656488,0.00043966309401383873,-0.0784732824427481,-0.0013696171534734129,0.001861642847260735,1.1322985472038725,collision
2025-06-28 10:03:50,-0.42,0.22,1.01,-4.04,-26.85,-47.06,-0.03083969465648855,-0.0005382542120654268,-0.20496183206106872,-0.0035772588103853246,-0.35923664122137405,-0.006269862183118561,0.0072386234871407605,1.1157508682497181,collision
2025-06-28 10:03:50,-0.74,-0.12,0.88,91.9,-10.98,-112.1,0.7015267175572519,0.012243951012082359,-0.08381679389312978,-0.0014628790219005908,-0.8557251908396946,-0.01493522207240949,0.019367891206096163,1.1560276813294739,collision
2025-06-28 10:03:50,-0.32,0.02,0.52,137.92,92.31,-239.63,1.052824427480916,0.018375252704966254,0.7046564885496184,0.012298575820732563,-1.829236641221374,-0.03192620218743521,0.03883538676648746,0.6109009739720506,collision
2025-06-28 10:03:50,-0.21,0.27,1.23,-21.46,-15.76,-108.87,-0.16381679389312978,-0.0028591424234960545,-0.12030534351145038,-0.0020997243520176055,-0.8310687022900763,-0.01450488516523837,0.01493235518627396,1.2766753698571927,collision
2025-06-28 10:03:50,-0.52,0.57,0.98,184.11,-149.98,-85.21,1.4054198473282444,0.024529203708753895,-1.144885496183206,-0.019982021466725917,-0.6504580152671755,-0.011352634012399757,0.033613171756050296,1.2472770341828634,collision
2025-06-28 10:03:50,-0.58,0.04,0.66,155.05,-81.05,-132.44,1.183587786259542,0.02065750385661991,-0.6187022900763358,-0.0107983920514611,-1.0109923664122138,-0.01764514550642206,0.02923506279155445,0.8795453370918409,collision
2025-06-28 10:03:50,-0.39,0.18,0.85,-9.46,11.12,-121.69,-0.07221374045801528,-0.0012603675361730045,0.08488549618320611,0.0014815313955860263,-0.9289312977099237,-0.01621290966986183,0.016329173327680895,0.9523654760647301,collision
2025-06-28 10:03:50,0.09,0.37,1.01,117.56,-84.33,-86.93,0.8974045801526718,0.01566266464614148,-0.6437404580152671,-0.011235390520662733,-0.6635877862595421,-0.011581791746249397,0.022487573546800886,1.0793979803575695,collision
2025-06-28 10:03:50,-0.42,-0.06,1.04,109.63,-103.58,-58.37,0.8368702290076335,0.014606140908102163,-0.7906870229007633,-0.013800091902410126,-0.44557251908396944,-0.007776707514420536,0.021546671866140857,1.1232096865679178,collision
2025-06-28 10:03:51,0.27,1.04,0.71,117.76,-131.65,-14.56,0.8989312977099237,0.015689310894263533,-1.0049618320610687,-0.01753989282633996,-0.11114503816793893,-0.0019398468632853005,0.02361282114761695,1.2878664527038508,collision
2025-06-28 10:03:51,0.17,0.29,0.99,-106.24,-39.77,69.01,-0.8109923664122137,-0.014154487002433403,-0.303587786259542,-0.005298606439069809,0.526793893129771,0.009194287914513639,0.017690665978226477,1.0455142275454696,collision
2025-06-28 10:03:51,-0.11,0.19,1.13,71.5,-52.29,-0.72,0.5458015267175572,0.009526033703633172,-0.39916030534351143,-0.00696666157151019,-0.00549618320610687,-9.5926493239383e-05,0.011802071575228527,1.1511298797268708,collision
2025-06-28 10:03:51,0.03,0.36,1.47,-175.35,103.0,138.28,-1.3385496183206107,-0.023362098041008066,0.7862595419847328,0.01372281778285618,1.0555725190839695,0.01842321595158595,0.03276458818263885,1.5137370973851436,collision
2025-06-28 10:03:52,0.27,0.81,1.34,-110.95,-46.99,231.47,-0.8469465648854962,-0.014782006145707701,-0.3587022900763359,-0.006260535996275844,1.7669465648854963,0.03083903526405553,0.034767054989890446,1.5888989898668828,collision
2025-06-28 10:03:52,0.06,1.26,0.97,-152.21,49.5,175.78,-1.161908396946565,-0.020279127133286785,0.37786259541984735,0.006594946410207581,1.3418320610687022,0.023419387474470477,0.0316733961728278,1.591257364476281,collision
2025-06-28 10:03:52,0.22,0.3,1.57,-183.78,-58.98,250.13,-1.4029007633587787,-0.02448523739935251,-0.45022900763358775,-0.00785797857119279,1.9093893129770991,0.033325130213842875,0.04209321776126837,1.6134745117292681,collision
2025-06-28 10:03:52,0.01,-1.06,0.58,217.54,-242.53,140.15,1.6606106870229007,0.02898312408235469,-1.8513740458015266,-0.03231257278520494,1.0698473282442749,0.01867235837152712,0.04725231008878904,1.208345976945345,collision
2025-06-28 10:03:52,-0.46,0.18,1.13,132.26,-216.69,197.15,1.009618320610687,0.017621163883112214,-1.65412213740458,-0.02886987752783597,1.5049618320610687,0.02626653908631161,0.042824132456367195,1.2332477447779906,collision
2025-06-28 10:03:52,-0.4,0.05,0.87,-32.86,-32.4,129.99,-0.25083969465648853,-0.004377978566452952,-0.24732824427480915,-0.004316692195772235,0.992290076335878,0.01731872896692694,0.018377673978804736,0.9588534820294495,collision
2025-06-28 10:03:52,-0.34,0.04,0.72,55.73,-22.23,65.92,0.4254198473282442,0.007424977039209464,-0.16969465648854962,-0.00296173047876595,0.503206106870229,0.008782603381027956,0.011875868541293416,0.7972452571197899,collision
2025-06-28 10:03:52,-0.57,-0.06,1.06,69.4,30.06,10.79,0.5297709923664122,0.00924624809835164,0.22946564885496182,0.00400493109274424,0.08236641221374046,0.0014375650861846423,0.010178367763591465,1.2050311199301038,collision
2025-06-28 10:03:52,-0.49,0.01,1.3,21.71,-31.15,8.02,0.16572519083969467,0.0028924502336486182,-0.23778625954198473,-0.004150153145009417,0.061221374045801524,0.0010685145496942383,0.005170276861452758,1.3893163786553444,collision
2025-06-28 10:03:52,-0.39,-0.01,0.89,3.06,-23.41,-34.27,0.0233587786259542,0.00040768759626737776,-0.17870229007633587,-0.00311894334268605,-0.26160305343511453,-0.00456583461571341,0.005544444290375973,0.9717509969122748,collision
2025-06-28 10:03:53,-0.13,0.43,0.66,49.34,-13.45,-50.08,0.3766412213740458,0.0065736294117099405,-0.10267175572519083,-0.0017919601862079182,-0.38229007633587786,-0.0066722205297615285,0.009536364703031418,0.7983733462484829,collision
2025-06-28 10:03:53,-0.12,0.2,0.94,-65.44,-0.68,-6.56,-0.4995419847328244,-0.008718652385535031,-0.005190839694656489,-9.059724361497283e-05,-0.050076335877862595,-0.0008739969384032673,0.00876281792168961,0.96850400102426,collision
2025-06-28 10:03:53,-0.17,0.47,1.16,12.47,-14.89,64.08,0.0951908396946565,0.0016613935704098697,-0.11366412213740458,-0.0019838131726866845,0.48916030534351146,0.008537457898305087,0.008920982606487717,1.2630914456206248,collision
2025-06-28 10:03:53,-0.37,0.32,0.74,35.6,-50.55,49.31,0.2717557251908397,0.004743032165725048,-0.38587786259541984,-0.006734839212848348,0.376412213740458,0.006569632474491633,0.010536341120043391,0.8870738413458036,collision
2025-06-28 10:03:53,-0.24,-0.13,1.58,137.88,27.15,-5.68,1.0525190839694656,0.018369923455341844,0.20725190839694654,0.0036172281825684,-0.0433587786259542,-0.0007567534466662437,0.018737958887214124,1.6034026319050372,collision
2025-06-28 10:29:08,-0.68,0.15,1.01,115.71,-79.69,90.02,0.8832824427480915,0.015416186851012509,-0.6083206106870229,-0.010617197564231155,0.6871755725190839,0.011993476279735078,0.022231220713577894,1.2267844146385298,collision
2025-06-28 10:29:08,-0.41,0.77,1.31,-46.57,-50.84,156.96,-0.3554961832061069,-0.006204578875219536,-0.38809160305343515,-0.006773476272625322,1.1981679389312978,0.020911975526185494,0.022840479422341815,1.5738805545529813,collision
2025-06-28 10:29:08,-0.22,0.21,1.25,-63.78,-97.35,89.24,-0.4868702290076336,-0.008497488526122011,-0.7431297709923663,-0.012970061273408242,0.6812213740458015,0.01188955591205908,0.019539481581493368,1.2864680330268607,collision
2025-06-28 10:29:08,-0.2,-0.09,0.68,-105.03,-163.57,250.13,-0.8017557251908397,-0.013993277201294995,-1.2486259541984732,-0.02179263402661927,1.9093893129770991,0.033325130213842875,0.04220539075070896,0.71449282711585,collision
2025-06-28 10:29:09,0.14,-0.62,1.47,-174.89,2.31,2.32,-1.3350381679389312,-0.023300811670327347,0.017633587786259543,0.00030776416580968714,0.017709923664122135,0.00030909647821578964,0.023304893990547675,1.601530517973354,collision
2025-06-28 10:29:09,0.16,-0.49,0.8,-29.18,-13.5,119.05,-0.22274809160305342,-0.003887687601007216,-0.10305343511450382,-0.0017986217482384313,0.9087786259541984,0.015861179194650757,0.016429429707725207,0.9516827202382105,collision
2025-06-28 10:29:09,0.27,0.04,1.29,-85.19,89.47,-68.17,-0.6503053435114504,-0.011349969387587552,0.6829770992366412,0.011920199097399439,-0.520381679389313,-0.009082373672401027,0.01879900165290541,1.3185598204101323,collision
2025-06-28 10:29:09,-0.2,-1.18,-0.19,49.07,-78.59,13.48,0.3745801526717557,0.006537656976745172,-0.5999236641221374,-0.010470643199559874,0.10290076335877862,0.0017959571234262262,0.012474004559373052,1.2118168178400561,collision
2025-06-28 10:29:09,-0.2,-0.95,0.87,128.28,-22.32,63.75,0.9792366412213741,0.017090903545483406,-0.17038167938931298,-0.002973721290420873,0.4866412213740458,0.008493491588903702,0.019315315210601598,1.3036103712382776,collision
2025-06-28 10:29:10,-0.4,-0.44,0.98,84.11,81.23,-250.14,0.6420610687022901,0.011206079647728477,0.6200763358778626,0.010822373674770945,-1.9094656488549617,-0.033326462526248976,0.03678794772124543,1.146298390472568,collision
2025-06-28 10:29:10,-0.89,-0.09,0.84,38.41,31.86,-250.14,0.29320610687022897,0.005117411951839862,0.243206106870229,0.0042447473258426975,-1.9094656488549617,-0.033326462526248976,0.03398321481935692,1.227110426978762,collision
2025-06-28 10:29:10,0.2,0.95,1.52,-48.84,-74.05,177.5,-0.37282442748091604,-0.006507013791404814,-0.565267175572519,-0.00986577336718932,1.3549618320610688,0.023648545208320115,0.02643725407609941,1.8035797736723485,collision
2025-06-28 10:29:10,0.16,0.34,1.45,-38.79,53.56,51.89,-0.2961068702290076,-0.005168039823271759,0.4088549618320611,0.007135865247085213,0.39610687022900765,0.0069133690752660884,0.011199280352340807,1.4978985279383914,collision
2025-06-28 10:29:10,-0.29,-0.27,1.16,-55.26,-48.22,191.66,-0.4218320610687023,-0.0073623583561226455,-0.3680916030534351,-0.006424410422226455,1.4630534351145037,0.02553509957536131,0.02734078784820946,1.2258058573852548,collision
2025-06-28 10:29:10,-0.1,-0.03,1.6,-143.72,-9.24,154.25,-1.0970992366412213,-0.019147993900505728,-0.07053435114503817,-0.0012310566632387485,1.1774809160305344,0.020550918864131705,0.02811585739546339,1.6034026319050372,collision
2025-06-28 10:29:10,-0.27,-0.72,1.24,-66.24,-7.29,121.26,-0.505648854961832,-0.008825237378023234,-0.05564885496183206,-0.0009712557440487529,0.9256488549618321,0.01615562023639942,0.018434538717352397,1.4590750494748377,collision
2025-06-28 10:29:11,-0.52,-0.71,0.57,-11.37,-169.26,250.13,-0.08679389312977098,-0.0015148392057385896,-1.29206106870229,-0.02255071978569162,1.9093893129770991,0.033325130213842875,0.040266537030661194,1.0485227703774487,collision
2025-06-28 10:29:11,-0.16,-0.09,0.88,5.15,-50.73,170.4,0.039312977099236646,0.000686140889142809,-0.38725190839694656,-0.0067588208361581935,1.300763358778626,0.022702603399987312,0.0236972709304712,0.898943824718764,collision
2025-06-28 10:29:11,-0.68,-0.86,0.7,25.97,186.31,-250.14,0.1982442748091603,0.0034600153186483003,1.4222137404580153,0.024822312438096454,-1.9094656488549617,-0.033326462526248976,0.041698585171360866,1.300769003320728,collision
2025-06-28 10:29:11,-1.87,-0.28,1.19,81.28,250.13,-250.14,0.6204580152671756,0.01082903523680146,1.9093893129770991,0.033325130213842875,-1.9094656488549617,-0.033326462526248976,0.04835788883360137,2.2341441314293045,collision
2025-06-28 10:29:11,-0.79,0.31,1.45,118.27,211.26,-125.31,0.902824427480916,0.01575725882697476,1.6126717557251908,0.028146431891322293,-0.9565648854961832,-0.01669520676087095,0.03632138161938984,1.680089283341811,collision
2025-06-28 10:29:11,-0.26,0.21,0.96,93.12,-89.47,68.19,0.7108396946564886,0.012406493125626868,-0.6829770992366412,-0.011920199097399439,0.5205343511450381,0.00908503829721323,0.019456365001194343,1.0165136496870073,collision
2025-06-28 10:29:11,-0.19,-0.15,0.71,-40.9,-10.6,20.27,-0.31221374045801525,-0.005449157740959395,-0.08091603053435115,-0.0014122511504686941,0.1547328244274809,0.0027005972471698518,0.006243476506665115,0.750133321483588,collision
2025-06-28 10:29:11,-0.32,-0.07,0.98,-44.11,49.14,-0.63,-0.3367175572519084,-0.005876830023318311,0.3751145038167939,0.00654698316358789,-0.004809160305343512,-8.393568158446012e-05,0.008798134169579471,1.0332956982393762,collision
2025-06-28 10:29:12,-0.23,-0.53,0.95,-38.98,-1.14,25.6,-0.29755725190839694,-0.005193353758987707,-0.008702290076335877,-0.0001518836142956897,0.19541984732824427,0.0034107197596225064,0.00621506244352884,1.1118902823570318,collision
2025-06-28 10:29:12,-0.78,-1.43,0.29,40.11,34.36,-217.33,0.3061832061068702,0.005343905060877294,0.26229007633587786,0.004577825427368333,-1.6590076335877864,-0.02895514552182654,0.029797890179227144,1.654508990607183,collision
2025-06-28 10:29:12,-1.29,0.2,0.23,25.89,250.13,-250.14,0.19763358778625956,0.0034493568193994808,1.9093893129770991,0.033325130213842875,-1.9094656488549617,-0.033326462526248976,0.0472558511800454,1.3255187663703596,collision
2025-06-28 10:29:13,-0.71,0.45,1.54,109.12,112.15,-172.84,0.8329770992366412,0.014538192975390935,0.8561068702290077,0.014941883634440005,-1.3193893129770993,-0.02302768762707633,0.03106273231679816,1.7544799799370752,collision
2025-06-28 10:29:13,-0.52,-0.13,2.0,-53.6,42.36,147.24,-0.40916030534351144,-0.007141194496709623,0.3233587786259542,0.005643675352250366,1.123969465648855,0.019616967867453823,0.02162575220967238,2.0705796289928093,collision
2025-06-28 10:29:13,-0.31,-0.15,0.75,-28.0,18.97,48.99,-0.21374045801526717,-0.0037304747370871167,0.1448091603053435,0.0025273966343765213,0.37396946564885497,0.0065269984774963515,0.007931323006708443,0.8252878285786117,collision
2025-06-28 10:29:13,-0.41,-0.23,0.78,-66.58,-149.22,211.62,-0.5082442748091603,-0.008870535999830722,-1.139083969465649,-0.019880765723862128,1.6154198473282444,0.028194395137941988,0.03562099341520097,0.9107140056021978,collision
2025-06-28 10:29:13,-0.36,-0.01,1.27,-148.08,-108.69,174.45,-1.130381679389313,-0.01972888210956644,-0.8296946564885496,-0.014480903541928524,1.331679389312977,0.02324218992445884,0.033750922197303364,1.320075755401939,collision
2025-06-28 10:29:13,-0.42,-0.62,0.9,-92.71,-48.59,81.39,-0.7077099236641221,-0.012351868316976664,-0.3709160305343512,-0.00647370598125225,0.6212977099236642,0.010843690673268588,0.017665309152946212,1.170811684260112,collision
2025-06-28 10:29:13,-0.38,-0.32,0.71,-51.47,-108.93,126.76,-0.3929007633587786,-0.006857411954209781,-0.8315267175572519,-0.014512879039674987,0.9676335877862596,0.01688839205975582,0.02329947516778007,0.8665448632355973,collision
2025-06-28 10:29:14,-0.23,-0.45,0.71,-107.15,-29.75,82.4,-0.81793893129771,-0.014275727431388736,-0.22709923664122136,-0.003963629408155062,0.6290076335877863,0.010978254226284944,0.01843987032593884,0.8714929718592113,collision
2025-06-28 10:29:14,-0.25,-0.56,0.5,-21.82,-25.9,-13.32,-0.1665648854961832,-0.002907105670115746,-0.19770992366412213,-0.0034506891318055828,-0.1016793893129771,-0.0017746401249285853,0.0048484911503050955,0.7912648102879339,collision
2025-06-28 10:29:14,-0.49,-1.12,0.51,52.28,47.93,-153.44,0.3990839694656489,0.006965329259104088,0.3658778625954198,0.006385773362449482,-1.171297709923664,-0.0204430015592374,0.022521328244028672,1.3246131510746828,collision
2025-06-28 10:29:14,-1.87,-0.78,0.44,250.13,117.51,-250.14,1.9093893129770991,0.033325130213842875,0.8970229007633588,0.015656003084110966,-1.9094656488549617,-0.033326462526248976,0.049662136893741826,2.0733788848157975,collision
2025-06-28 10:29:14,-0.52,1.43,1.76,64.88,-25.08,-133.68,0.49526717557251904,0.00864404289079329,-0.1914503816793893,-0.003341439514505174,-1.0204580152671756,-0.01781035224477878,0.020077184628579454,2.3265639900935455,collision
2025-06-28 10:29:14,-0.49,0.25,1.33,11.15,61.46,-16.85,0.08511450381679389,0.0014855283328043339,0.46916030534351144,0.008188392047906222,-0.12862595419847328,-0.0022449464042827824,0.008619532650665026,1.439270648627283,collision
2025-06-28 10:29:15,-0.37,-0.12,0.49,40.34,37.56,-0.14,0.30793893129770994,0.005374548246217653,0.2867175572519084,0.005004165397321146,-0.001068702290076336,-1.8652373685435585e-05,0.00734355418620382,0.6256196927846821,collision
2025-06-28 10:29:15,-0.49,0.12,0.91,-0.68,213.27,-18.6,-0.005190839694656489,-9.059724361497283e-05,1.6280152671755725,0.028414226684948907,-0.1419847328244275,-0.0024781010753507277,0.028522227663768964,1.0404806581575652,collision
2025-06-28 10:29:15,-0.78,-0.25,0.71,250.13,-188.37,-248.27,1.9093893129770991,0.033325130213842875,-1.43793893129771,-0.02509676879375358,-1.8951908396946566,-0.0330773201063078,0.053240221760167954,1.08397416943394,collision
